P0: 7.070912e+02 0.000000e+00 6.018873e+02 0.000000e+00 0.000000e+00 7.070912e+02 1.831104e+02 0.000000e+00 0.000000e+00 0.000000e+00 1.000000e+00 0.000000e+00
P1: 7.070912e+02 0.000000e+00 6.018873e+02 -3.798145e+02 0.000000e+00 7.070912e+02 1.831104e+02 0.000000e+00 0.000000e+00 0.000000e+00 1.000000e+00 0.000000e+00
