P0: 7.183351e+02 0.000000e+00 6.003891e+02 0.000000e+00 0.000000e+00 7.183351e+02 1.815122e+02 0.000000e+00 0.000000e+00 0.000000e+00 1.000000e+00 0.000000e+00
P1: 7.183351e+02 0.000000e+00 6.003891e+02 -3.858846e+02 0.000000e+00 7.183351e+02 1.815122e+02 0.000000e+00 0.000000e+00 0.000000e+00 1.000000e+00 0.000000e+00
